0 0 -180
1 0 -180
2 0 -180
3 0 -180
4 0 -180
5 0 -180
6 0 -180
7 0 -180
8 0 -180
9 0 -180
10 0 -180
11 0 -180
12 0 -180
13 0 -180
14 0 -180
15 0 -180
16 0 -180
17 0 -180
18 0 -180
19 0 -180
20 0 -180
21 0 -180
22 0 -180
23 0 -180
24 0 -180
25 0 -180
25 0 -180
24 0 -180
23 0 -180
22 0 -180
21 0 -180
20 0 -180
19 0 -180
18 0 -180
17 0 -180
16 0 -180
15 0 -180
14 0 -180
13 0 -180
12 0 -180
11 0 -180
10 0 -180
9 0 -180
8 0 -180
7 0 -180
6 0 -180
5 0 -180
4 0 -180
3 0 -180
2 0 -180
1 0 -180
0 0 -180
-1 0 -180
-2 0 -180
-3 0 -180
-4 0 -180
-5 0 -180
-6 0 -180
-7 0 -180
-8 0 -180
-9 0 -180
-10 0 -180
-11 0 -180
-12 0 -180
-13 0 -180
-14 0 -180
-15 0 -180
-16 0 -180
-17 0 -180
-18 0 -180
-19 0 -180
-20 0 -180
-21 0 -180
-22 0 -180
-23 0 -180
-24 0 -180
-25 0 -180
-25 0 -180
-24 0 -180
-23 0 -180
-22 0 -180
-21 0 -180
-20 0 -180
-19 0 -180
-18 0 -180
-17 0 -180
-16 0 -180
-15 0 -180
-14 0 -180
-13 0 -180
-12 0 -180
-11 0 -180
-10 0 -180
-9 0 -180
-8 0 -180
-7 0 -180
-6 0 -180
-5 0 -180
-4 0 -180
-3 0 -180
-2 0 -180
-1 0 -180
0 0 -180
0 1 -180
0 2 -180
0 3 -180
0 4 -180
0 5 -180
0 6 -180
0 7 -180
0 8 -180
0 9 -180
0 10 -180
0 11 -180
0 12 -180
0 13 -180
0 14 -180
0 15 -180
0 16 -180
0 17 -180
0 18 -180
0 19 -180
0 20 -180
0 21 -180
0 22 -180
0 23 -180
0 24 -180
0 25 -180
0 26 -180
0 27 -180
0 28 -180
0 29 -180
0 30 -180
0 31 -180
0 32 -180
0 33 -180
0 34 -180
0 35 -180
0 36 -180
0 37 -180
0 38 -180
0 39 -180
0 40 -180
0 41 -180
0 42 -180
0 43 -180
0 44 -180
0 45 -180
0 46 -180
0 47 -180
0 48 -180
0 49 -180
0 50 -180
0 50 -180
0 49 -180
0 48 -180
0 47 -180
0 46 -180
0 45 -180
0 44 -180
0 43 -180
0 42 -180
0 41 -180
0 40 -180
0 39 -180
0 38 -180
0 37 -180
0 36 -180
0 35 -180
0 34 -180
0 33 -180
0 32 -180
0 31 -180
0 30 -180
0 29 -180
0 28 -180
0 27 -180
0 26 -180
0 25 -180
0 25 -180
0 25 -179
0 25 -178
0 25 -177
0 25 -176
0 25 -175
0 25 -174
0 25 -173
0 25 -172
0 25 -171
0 25 -170
0 25 -169
0 25 -168
0 25 -167
0 25 -166
0 25 -165
0 25 -164
0 25 -163
0 25 -162
0 25 -161
0 25 -160
0 25 -159
0 25 -158
0 25 -157
0 25 -156
0 25 -155
0 25 -154
0 25 -153
0 25 -152
0 25 -151
0 25 -150
0 25 -149
0 25 -148
0 25 -147
0 25 -146
0 25 -145
0 25 -144
0 25 -143
0 25 -142
0 25 -141
0 25 -140
0 25 -139
0 25 -138
0 25 -137
0 25 -136
0 25 -135
0 25 -134
0 25 -133
0 25 -132
0 25 -131
0 25 -130
0 24 -130
0 23 -130
0 22 -130
0 21 -130
0 20 -130
0 19 -130
0 18 -130
0 17 -130
0 16 -130
0 15 -130
0 14 -130
0 13 -130
0 12 -130
0 11 -130
0 15 -130
-1 15 -130
-2 15 -130
-3 15 -130
-4 15 -130
-8 15 -130
-9 15 -130
-10 15 -130
-11 15 -130
-12 15 -130
-13 15 -130
-14 15 -130
-15 15 -130
-16 15 -130
-17 15 -130
-18 15 -130
-19 15 -130
-20 15 -130
-21 15 -130
-22 15 -130
-23 15 -130
-24 15 -130
-25 15 -130
-25 15 -130
-25 15 -131
-25 15 -133
-25 15 -134
-25 15 -135
-25 15 -136
-25 15 -137
-25 15 -138
-25 15 -139
-25 15 -140
-25 15 -141
-25 15 -142
-25 15 -143
-25 15 -144
-25 15 -145
-25 15 -146
-25 15 -147
-25 15 -148
-25 15 -149
-25 15 -150
-25 15 -151
-25 15 -152
-25 15 -153
-25 15 -154
-25 15 -155
-25 15 -156
-25 15 -157
-25 15 -159
-25 15 -160
-25 15 -161
-25 15 -162
-25 15 -163
-25 15 -165
-25 15 -166
-25 15 -168
-25 15 -169
-25 15 -170
-25 15 -171
-25 15 -172
-25 15 -173
-25 15 -174
-25 15 -177
-25 15 -178
-25 15 -179