0 772.0 746.0 0.0 15.0 0.0
0 842.0 780.0 10.0 10.0 0.0
0 773.0 781.0 0.0 9.9 0.0
0 697.0 780.0 -10.0 10.0 0.0
1 708.0 784.0 -9.0 10.0 0.0
1 834.0 784.0 9.0 10.0 0.0
1 837.0 857.0 9.0 2.0 0.0
1 703.0 859.0 -9.0 2.0 0.0
2 772.0 746.0 0.0 15.0 20.0
2 842.0 780.0 10.0 10.0 20.0
2 773.0 781.0 0.0 9.9 20.0
2 697.0 780.0 -10.0 10.0 20.0
3 708.0 784.0 -9.0 10.0 20.0
3 834.0 784.0 9.0 10.0 20.0
3 837.0 857.0 9.0 2.0 20.0
3 703.0 859.0 -9.0 2.0 20.0
4 895.0 789.0 0.0 15.0 20.0
4 899.0 811.0 10.0 10.0 20.0
4 942.0 809.0 10.0 10.0 0.0
4 936.0 789.0 0.0 15.0 0.0
5 895.0 789.0 -10.0 10.0 0.0
5 899.0 811.0 0.0 15.0 0.0
5 942.0 809.0 0.0 15.0 20.0
5 936.0 789.0 -10.0 10.0 20.0
6 708.0 784.0 -9.0 10.0 0.0
6 834.0 784.0 9.0 10.0 0.0
6 837.0 857.0 9.0 2.0 0.0
6 703.0 859.0 -9.0 2.0 0.0
7 708.0 784.0 -9.0 10.0 0.0
7 703.0 859.0 -9.0 2.0 0.0
7 703.0 859.0 -9.0 2.0 20.0
7 708.0 784.0 -9.0 10.0 20.0
8 834.0 784.0 9.0 10.0 0.0
8 837.0 857.0 9.0 2.0 0.0
8 837.0 857.0 9.0 2.0 20.0
8 834.0 784.0 9.0 10.0 20.0
9 840.0 784.0 10.0 10.0 5.0
9 831.0 772.0 10.0 10.0 5.0
9 864.0 774.0 10.0 10.0 9.0
9 895.0 785.0 10.0 10.0 10.0